2.02437036714446544e-01 -8.88876515510666765e-02 2.92561727076040667e-01 -7.60977921127262667e-03 -5.30668719904747455e-02 1.01436547841222535e+00 3.04864552122825283e-04 -1.09533367165790202e-03 5.11215595190503760e-02
1.99998441052069307e-06 -2.96930322369610337e-12 9.86775238703271969e-12 2.80171387903899247e-07 -9.33583976265281345e-07 -7.29635231826918852e-08 9.34678226265666424e-09 -3.14950602716674125e-08 -1.59974198307573879e-09
-2.96930322369448011e-12 1.99997889023388040e-06 -4.30548816955014055e-12 9.30456261410666426e-07 2.84042510817491661e-07 4.41343419243696588e-08 3.12456726750310773e-08 9.66770509894572480e-09 8.27310604882336987e-10
9.86775238702993927e-12 -4.30548816955090795e-12 1.99999188011896969e-06 -1.25156022558385069e-07 3.56796697741527398e-08 3.16859639006496764e-10 -5.22330352634555261e-09 1.58323730246307190e-09 3.35650130191112555e-11
2.80171387903899247e-07 9.30456261410666214e-07 -1.25156022558385069e-07 9.00065905852196445e-03 -1.01335679273609992e-09 1.21217749880244120e-08 4.50024985684909548e-04 -1.62650692150088944e-11 1.79897634691421596e-10
-9.33583976265281345e-07 2.84042510817491608e-07 3.56796697741527531e-08 -1.01335679328934086e-09 9.00065527076694162e-03 5.01050612081994351e-08 -2.28653376116257402e-11 4.50024897501496881e-04 1.18424019698838211e-09
-7.29635231826918190e-08 4.41343419243696323e-08 3.16859639006497953e-10 1.21217749880711427e-08 5.01050612078626468e-08 9.00000430863990425e-03 4.15691114913803843e-10 1.79190102736038769e-09 4.50000097094436808e-04
9.34678226265666589e-09 3.12456726750310839e-08 -5.22330352634555178e-09 4.50024985684909602e-04 -2.28653375594436781e-11 4.15691114897843187e-10 2.99945065849126406e-05 -3.78459872015075354e-13 5.53702813183481530e-12
-3.14950602716674191e-08 9.66770509894572977e-09 1.58323730246307252e-09 -1.62650691349392619e-11 4.50024897501496665e-04 1.79190102726485929e-09 -3.78459871958243341e-13 2.99945044664320652e-05 4.39465246064498870e-11
-1.59974198307574044e-09 8.27310604882336987e-10 3.35650130191114235e-11 1.79897634683546139e-10 1.18424019690474774e-09 4.50000097094437133e-04 5.53702813169875539e-12 4.39465246073231118e-11 2.99935023119077013e-05
